-- Insertion Sort --
[7169785249936431930, 6074604007730722613, 2258937917206523622, -5220234490149771193, -7826564311195788913]
[7169785249936431930, 7169785249936431930, 2258937917206523622, -5220234490149771193, -7826564311195788913]
[6074604007730722613, 7169785249936431930, 2258937917206523622, -5220234490149771193, -7826564311195788913]
[6074604007730722613, 7169785249936431930, 7169785249936431930, -5220234490149771193, -7826564311195788913]
[6074604007730722613, 6074604007730722613, 7169785249936431930, -5220234490149771193, -7826564311195788913]
[2258937917206523622, 6074604007730722613, 7169785249936431930, -5220234490149771193, -7826564311195788913]
[2258937917206523622, 6074604007730722613, 7169785249936431930, 7169785249936431930, -7826564311195788913]
[2258937917206523622, 6074604007730722613, 6074604007730722613, 7169785249936431930, -7826564311195788913]
[2258937917206523622, 2258937917206523622, 6074604007730722613, 7169785249936431930, -7826564311195788913]
[-5220234490149771193, 2258937917206523622, 6074604007730722613, 7169785249936431930, -7826564311195788913]
[-5220234490149771193, 2258937917206523622, 6074604007730722613, 7169785249936431930, 7169785249936431930]
[-5220234490149771193, 2258937917206523622, 6074604007730722613, 6074604007730722613, 7169785249936431930]
[-5220234490149771193, 2258937917206523622, 2258937917206523622, 6074604007730722613, 7169785249936431930]
[-5220234490149771193, -5220234490149771193, 2258937917206523622, 6074604007730722613, 7169785249936431930]
[-7826564311195788913, -5220234490149771193, 2258937917206523622, 6074604007730722613, 7169785249936431930]
-- Insertion Sort --
[8532730594482118526, -7200618368996710479, -2870787770148792, -1318000227431956894, -1001238943804786081]
[8532730594482118526, 8532730594482118526, -2870787770148792, -1318000227431956894, -1001238943804786081]
[-7200618368996710479, 8532730594482118526, -2870787770148792, -1318000227431956894, -1001238943804786081]
[-7200618368996710479, 8532730594482118526, 8532730594482118526, -1318000227431956894, -1001238943804786081]
[-7200618368996710479, -2870787770148792, 8532730594482118526, -1318000227431956894, -1001238943804786081]
[-7200618368996710479, -2870787770148792, 8532730594482118526, 8532730594482118526, -1001238943804786081]
[-7200618368996710479, -2870787770148792, -2870787770148792, 8532730594482118526, -1001238943804786081]
[-7200618368996710479, -1318000227431956894, -2870787770148792, 8532730594482118526, -1001238943804786081]
[-7200618368996710479, -1318000227431956894, -2870787770148792, 8532730594482118526, 8532730594482118526]
[-7200618368996710479, -1318000227431956894, -2870787770148792, -2870787770148792, 8532730594482118526]
[-7200618368996710479, -1318000227431956894, -1001238943804786081, -2870787770148792, 8532730594482118526]
-- Insertion Sort --
[6378478356933470170, 571773638242231031, -8976426975342553672, -9027269696262046850, 7134674104621511377]
[6378478356933470170, 6378478356933470170, -8976426975342553672, -9027269696262046850, 7134674104621511377]
[571773638242231031, 6378478356933470170, -8976426975342553672, -9027269696262046850, 7134674104621511377]
[571773638242231031, 6378478356933470170, 6378478356933470170, -9027269696262046850, 7134674104621511377]
[571773638242231031, 571773638242231031, 6378478356933470170, -9027269696262046850, 7134674104621511377]
[-8976426975342553672, 571773638242231031, 6378478356933470170, -9027269696262046850, 7134674104621511377]
[-8976426975342553672, 571773638242231031, 6378478356933470170, 6378478356933470170, 7134674104621511377]
[-8976426975342553672, 571773638242231031, 571773638242231031, 6378478356933470170, 7134674104621511377]
[-8976426975342553672, -8976426975342553672, 571773638242231031, 6378478356933470170, 7134674104621511377]
[-9027269696262046850, -8976426975342553672, 571773638242231031, 6378478356933470170, 7134674104621511377]
[-9027269696262046850, -8976426975342553672, 571773638242231031, 6378478356933470170, 7134674104621511377]
